-1439743;-1
-1439729;1
-1439727;-1
-1439728;1
-1354364;-1
-1354363;1
#Fri Nov 09 2012 15:38:57 GMT+0100 (CET)
-1439743;0
-1439729;0
-1439728;0
-1439726;0
-1439742;0
-1439740;0
-1439725;0
-1439741;0
-1460895;0
-1439727;0
-380226;0
-1482062;1
-1354364;0
-1354362;0
-1354363;0
-1461803;-1
-1645036;0
-1461804;0
-1645046;0
-1645038;0
-1461806;1
-1461805;0
None;0
-1645037;0
-1645039;0
-1970151;1
-1970150;0
-1970152;0
-2065811;0
-1968634;0
-1956606;0
-2065812;1
-1450409;1
-1982237;0
-1958466;0
-1958469;0
-1347356;0
-1970153;0
-1958467;0
-1463354;0
-1956605;0
-1956604;0
-1958468;0
-1432716;0
-1432715;1
-1401913;0
-1401912;0
-1401911;0
-1354395;-2
-1347357;-1
-375385;0
-104197;0
-104199;0
-2007609;0
-1446601;0
-1645501;0
-2034530;0
-2007610;0
-2034553;0
-1446600;0
-1446602;0
-67229;0
-1189412;0
-2053602;-1
-2050235;0
-1976015;1
-1810095;0
-1975983;0
-1980623;0
-2044108;0
-2013861;1
-1386092;0
-1827605;0
-2050236;0
-2051503;0
-2050238;0
-2044106;1
-2054035;0
-2014475;0
-1357253;0
-2051504;0
-2013854;1
-2014058;-1
-2051475;0
-1400392;0
-2044109;1
-1823210;0
-1823209;0
-2053608;1
-1975946;0
-2014071;0
-2050234;0
-537212;0
-2110507;0
-2050237;0
-359103;0
-2013862;1
-2044107;0
-1980605;0
-1217143;0
-2044046;0
-1184156;0
-2013882;1
-1975962;-1
-2078075;0
-1975984;1
-2021660;0
-1994164;0
-2053622;0
-1702686;0
-2068060;0
-254448;0
-1021944;0
-2097465;0
-1505909;0
-2002476;0
-395648;0
-2067917;0
-1429265;0
-1359103;0
-1702794;0
-387174;0
-1518533;0
-2001627;0
-2077193;0
-1480706;0
-1306657;0
-64989;0
-1355166;0
-1959626;0
-1970114;0
-1468038;0
-1559611;0
-65802;0
-1410320;0
-2348672;0
-2020586;0
-1448379;0
-2407983;0
-1856825;0
-1702685;0
-1559612;0
-2033868;0
-2010128;0
-1972837;0
-400139;0
-2052748;0
-2051347;0
-2001632;0
-1699064;0
-2073879;0
-2001873;0
-1732518;0
-1994060;0
-2045862;0
-1389634;0
-414707;0
-1351890;0
-2004279;0
-2050027;0
-387155;0
-1518535;0
-2069644;0
-2166699;0
-1992544;0
-2045838;0
-415166;0
-2323242;0
-2005402;0
-409748;0
-2014842;0
-2337442;0
-2078696;0
-2044212;0
-2118655;0
-2020283;0
-392086;0
-1966728;0
-1972836;0
-1306722;0
-253115;0
-2063919;0
-400140;0
-2006292;0
-2012570;0
-1389597;0
-2164226;0
-1770071;0
-2350975;0
-64016;0
-415187;0
-1997309;0
-2054253;0
-415303;0
-390424;0
-2163776;0
-414666;0
-1306738;0
-2062244;0
-965357;0
-1306376;0
-1861751;0
-384026;0
-1924328;0
-2167044;0
-254475;0
-1229352;0
-2055176;0
-1430844;0
-381619;0
-381618;0
-1456703;0
-1457594;0
-1573138;0
-1702684;0
-1479604;0
-378712;0
-2022891;0
-1964820;0
-1501358;0
-380223;0
-253196;0
-2004712;0
-2020093;0
-2022087;0
-1533747;0
-1990007;0
-2046731;0
-450542;0
-1992363;0
-1392521;0
-410007;0
-1446288;0
-89787;0
-1138398;0
-2077768;0
-2066629;0
-2062318;0
-1514308;0
-1240443;0
-1492301;0
-2006315;0
-1389596;0
-2073877;0
-2098942;0
-2004266;0
-1492294;0
-63964;0
-2337756;0
-2034932;0
-407936;0
-1339207;0
-1856755;0
-253111;0
-2078266;0
-395655;0
-1280603;0
-1702798;0
-1980912;0
-79212;0
-89711;0
-391301;0
-2054289;0
-2351021;0
-1389119;0
-1277872;0
-2095376;0
-1649405;0
-1728137;0
-392723;0
-2099199;0
-393303;0
-1453342;0
-2087850;0
-1524592;0
-2079859;0
-1474286;0
-1417477;0
-1505886;0
-1278471;0
-1454738;0
-1430762;0
-1856759;0
-1851100;0
-2052747;0
-376315;0
-385814;0
-1268149;0
-1958570;0
-2020241;0
-1480708;0
-385506;0
-2018867;0
-1945369;0
-2072118;0
-1429266;0
-377828;0
-1470189;0
-2074110;0
-563446;0
-383263;0
-2024878;0
-62296;0
-1305936;0
-2073867;0
black;0
-2072731;0
-1492293;0
-2004211;0
-1963926;0
-87411;0
-2096832;0
-1138395;0
-1993181;0
-2026621;0
-2078073;0
-253122;0
-1581799;0
-2024830;0
-1699062;0
-2054460;0
-377830;0
-1699059;0
-1111356;0
-1581802;0
-1937018;0
-1708060;0
-2164225;0
-2022123;0
-1947070;0
-379652;0
-379649;0
-1974729;0
-1926239;0
-1261682;0
-1994271;0
-1970579;0
-2051350;0
-2473239;0
-2098940;0
-2078260;0
-2045887;0
-88714;0
-2014061;0
-386837;0
-1505874;0
-117619;0
-2016305;0
-1947069;0
-403560;0
-1027609;0
-1359032;0
-1138396;0
-1702844;0
-2051349;0
-378782;0
-2098944;0
-1362736;0
-1458725;0
-2069512;0
-2020242;0
-1972838;0
-1111354;0
-2087851;0
-1502684;0
-2002873;0
-1463217;0
-2022110;0
-376657;0
-379648;0
-367346;0
-1473825;0
-66751;0
-1389120;0
-1945370;0
-380224;0
-8238;0
-2018865;0
-253116;0
-2051353;0
-1996018;0
-2064018;0
-378788;0
-2080202;0
-1972834;0
-2053624;0
-2054436;0
red;0
-409015;0
-1998100;0
-1388951;0
-75036;0
-376659;0
-1480714;0
-380219;0
-407935;0
-2072733;0
-253113;0
-2134938;0
-1479602;0
-1994270;0
-2073878;0
-1987212;0
-414846;0
-1306379;0
-1749335;0
-541304;0
-2024840;0
-1567978;0
-415909;0
-1389113;0
-1979152;0
-103266;0
-395637;0
-2055185;0
-415204;0
-1400914;0
-79783;0
-446149;0
-1984561;0
-2099196;0
-2462894;0
-1995085;0
-1970633;0
-2034556;0
-414657;0
-386836;0
-1592357;0
-2048530;0
-1995972;0
-1379167;0
-1351889;0
-1702683;0
-1448461;0
-193211;0
-1110363;0
-2029857;0
-9469;0
-2118657;0
-2167388;0
-1354168;0
-2078268;0
-1306374;0
-405954;0
-1993180;0
-68722;0
-2045800;0
-1339238;0
-2002574;0
-1947445;0
-1573089;0
-19153;0
-1360976;0
-2062978;0
-1460779;0
-375547;0
-2045797;0
-2022845;0
-1284069;0
-1291664;0
-1870500;0
-1446285;0
-1423758;0
-2073868;0
-2001950;0
-1972842;0
-395642;0
-1398774;0
-2337753;0
-1992361;0
-2002897;0
-2045975;0
-2004273;0
-2034276;0
-2084599;0
-2351019;0
-1480713;0
-1944386;0
-2005762;0
-1728138;0
-1390607;0
-378713;0
-1998101;0
-1430847;0
-1455474;0
-2086312;0
-1994165;0
-1989946;0
-2029858;0
-1573090;0
-1389595;0
-2032850;0
-395878;0
-2458853;0
-2118656;0
-338617;0
-2045701;0
-1388602;0
-1945805;0
-78193;0
-417113;0
-1332295;0
-1359823;0
-2004376;0
-1331963;0
-1966727;0
-1524593;0
-1329506;0
-2007670;0
-1388950;0
-1937017;0
-1363364;0
-2034589;0
-2029609;0
-1994064;0
-2099197;0
-1631837;0
-1492319;0
-1388605;0
-2003740;0
-2019891;0
-2335675;0
-936876;0
-563447;0
-1387469;0
-2002475;0
-1964315;0
-1991234;0
-2054220;0
-1992359;0
-377334;0
-1973025;0
-2078729;0
-414243;0
-390617;0
-2067197;0
-2084601;0
-2528969;0
-403366;0
-1999580;0
-1944380;0
-1999836;0
-408983;0
-2098941;0
-1398775;0
-2078264;0
-385836;0
-445110;0
-2348674;0
-1991265;0
-2011972;0
-398680;0
-2001677;0
-2166553;0
-385803;0
-1702682;0
-1339185;0
-1984878;0
-1415737;0
-2024857;0
-2200284;0
-2079858;0
-1992556;0
-1457595;0
-1446291;0
-377831;0
-2080284;0
-1935510;0
-417111;0
-1446290;0
-62865;0
-2001963;0
-1401147;0
-1804632;0
-450532;0
-2001678;0
-387028;0
-2051274;0
-1388097;0
-2054221;0
-1319230;0
-378708;0
-2001654;0
-1388607;0
-1430846;0
-2045684;0
-2029856;0
-2557258;0
-2020627;0
-2438202;0
-1945608;0
-1454740;0
-2044410;0
-2045799;0
-395650;0
-1305939;0
-2078262;0
-1387613;0
-79200;0
-1529558;0
-1303955;0
-1138392;0
-1963927;0
-1138394;0
-2045798;0
-1972794;0
-2167286;0
-1387614;0
-2063969;0
-2024522;0
-1992360;0
-2005403;0
-1458727;0
-2529248;0
-1389116;0
-1388101;0
-1410591;0
-377777;0
-1702842;0
-1732516;0
-1992446;0
-367417;0
-1995508;0
-1389115;0
-1459740;0
-1319309;0
-2045683;0
-395644;0
-78192;0
-1458726;0
-2438205;0
-2069511;0
-1387612;0
-2045976;0
-2063468;0
-1989945;0
-1492409;0
-1991264;0
-1990037;0
-2166076;0
-1470188;0
-2022892;0
-1937014;0
-1974727;0
-2012750;0
-1492312;0
-2045801;0
-1448380;0
-2104155;0
-1945374;0
-1454741;0
-395653;0
-2166108;0
-1999578;0
-2062247;0
-1386014;0
-957742;0
-2002872;0
-2002575;0
-1581797;0
-1944381;0
-2062234;0
-367416;0
-1971749;0
-1991246;0
-1354638;0
-1492287;0
-934624;0
-401436;0
-392052;0
-2078267;0
-2045884;0
-1702688;0
-367403;0
-1699114;0
-2020282;0
-395654;0
-2024850;0
-1937015;0
-2438208;0
-2084600;0
-1993182;0
-2557256;0
-2456727;0
-2045837;0
-2438207;0
-1999835;0
-377386;0
-1492410;0
-400742;0
-2044213;0
-2054498;0
-1984690;0
-1989764;0
-1998102;0
-2020585;0
-2001578;0
-2438211;0
-408997;0
-911953;0
-103258;0
-1305938;0
-1306378;0
-1427492;0
-65800;0
-1702795;0
-2048804;0
-1405796;0
-368894;0
-253117;0
-2045889;0
-379462;0
-1388098;0
-1505145;0
-2167387;0
-1400482;0
-1992364;0
-2438203;0
-1332608;0
-1994253;0
-75398;0
-2045676;0
-2079321;0
-532509;0
-915260;0
-1327538;0
-373691;0
-1461248;0
-2035902;0
-2337435;0
-411020;0
-1945806;0
-2001629;0
-1505924;0
-2077763;0
-2016308;0
-1446286;0
-2065032;0
-2002871;0
-1992555;0
-1024201;0
-398905;0
-2054398;0
-2438209;0
-1992355;0
-2062228;0
-379198;0
-2005699;0
-303111;0
-2062977;0
-1505910;0
-2018798;0
-410489;0
-1999833;0
-2067914;0
-2001653;0
-1989763;0
-2098945;0
-103257;0
-1524591;0
-1502667;0
-1345293;0
-60483;0
-1997308;0
-1994250;0
-2035887;0
-2277551;0
-1964819;0
-416121;0
-420533;0
-339443;0
-1454870;0
-1518532;0
-2051559;0
-377924;0
-1984716;0
-385509;0
-1389110;0
-2077766;0
-2169061;0
-1452919;0
-2048391;0
-2090725;0
-2004185;0
-450491;0
-2001584;0
-387152;0
-1935541;0
-2054461;0
-79211;0
-2033814;0
-2044406;0
-1999575;0
-395636;0
-1490300;0
-2016307;0
-2062200;0
-1430761;0
-385488;0
-2080207;0
-2052847;0
-1999576;0
-1021665;0
-2053623;0
-1479600;0
-387486;0
-2067915;0
-1990035;0
-1354577;0
-1525271;0
-1538141;0
-1944383;0
-953341;0
-532902;0
-1332390;0
-2002868;0
-384024;0
-1856758;0
-2026157;0
-1478327;0
-1567980;0
-2069645;0
-1991235;0
-2045680;0
-77785;0
-2067198;0
-2044328;0
-395645;0
-1992553;0
-382719;0
-1306377;0
-2350985;0
-1410590;0
-1501344;0
-1305941;0
-2067916;0
-1970684;0
-339388;0
-369896;0
-377481;0
-1944382;0
-380220;0
-404242;0
-2431778;0
-2024523;0
-395640;0
-1997752;0
-414658;0
-1944384;0
-2054437;0
-1996035;0
-1749725;0
-1359722;0
-1937016;0
-2045679;0
-2004790;0
-1280605;0
-78194;0
-9470;0
-408982;0
-2001872;0
-395656;0
-398907;0
-1856754;0
-75038;0
-1138389;0
-1972795;0
-1992358;0
-1280604;0
-2002867;0
-338616;0
-253195;0
-2051356;0
-253192;0
-339446;0
-2054397;0
-410507;0
-1315215;0
-253112;0
-378714;0
-2033766;0
-1459739;0
-2062199;0
-375549;0
-79209;0
-2045738;0
-391628;0
-386017;0
-1994063;0
-2045703;0
-2049506;0
-2045384;0
-2167043;0
-1359102;0
-60589;0
-1992919;0
-75044;0
-58394;0
-1529492;0
-1990957;0
-2079311;0
-1306375;0
-2018506;0
-1355119;0
-75037;0
-371506;0
-1479601;0
-419127;0
-1330039;0
-2002533;0
-1529491;0
-414661;0
-1305940;0
-1944385;0
-1501343;0
-2001812;0
-2074111;0
-1581800;0
-380225;0
-1347551;0
-395646;0
-1990956;0
-2433730;0
-1972793;0
-2065031;0
-1992552;0
-1342726;0
-1978455;0
-1827766;0
-2054332;0
-2001630;0
-1314984;0
-2022871;0
-2337506;0
-1990033;0
-1492295;0
-1836632;0
-387175;0
-2001628;0
-2051194;0
-395643;0
-1581801;0
-1994272;0
-1702799;0
-2020284;0
-1702680;0
-1970098;0
-396109;0
-2016306;0
-1394445;0
-2022129;0
-367408;0
-2078074;0
-1832434;0
-1970724;0
-1459683;0
-1583614;0
-2010130;0
-395641;0
-376658;0
-415293;0
-395639;0
-395657;0
-1992551;0
-2438210;0
-1999832;0
-1934118;0
-1769848;0
-378711;0
-1992554;0
-1945373;0
-377514;0
-2005472;0
-1987250;0
-1458728;0
-2108828;0
-1926260;0
-2099198;0
-409700;0
-2034122;0
-91896;0
-1305937;0
-1389109;0
-2045671;0
-1492369;0
-953343;0
-417112;0
-332166;0
-2064091;0
-2044209;0
-1989647;0
-1865833;0
-1446289;0
-1793100;0
-414663;0
-2046267;0
-2036702;0
-89712;0
-1963929;0
-2064017;0
-1559613;0
-1446681;0
-1138393;0
-2034121;0
-410009;0
-2051351;0
-1971756;0
-1937194;0
-404680;0
-2024870;0
-2049505;0
-2018797;0
-2078261;0
-380714;0
-79201;0
-2066586;0
-1984883;0
-1401149;0
-1990005;0
-404241;0
-1389117;0
-2018736;0
-2001576;0
-1450434;0
-2004709;0
-1410304;0
-2034120;0
-2055174;0
-1109156;0
-1391438;0
-1342727;0
-1991245;0
-1573088;0
-2020122;0
-1462508;0
-1446292;0
-2052126;0
-1947007;0
-2002891;0
-2458854;0
-1994061;0
-1856757;0
-420534;0
-1990032;0
-1567981;0
-1559610;0
-2063469;0
-414662;0
-1937010;0
-1305526;0
-1478317;0
-1492288;0
-411021;0
-1999831;0
-1978193;0
-2002889;0
-1492286;0
-1994505;0
-2045735;0
-397165;0
-1417617;0
-1978192;0
-120559;0
-903870;0
-1479625;0
-1387470;0
-2020261;0
-2014060;0
-1021664;0
-1972840;0
-1728140;0
-1992545;0
-397160;0
-1728139;0
-1454785;0
-408620;0
-2166630;0
-1923945;0
-2050028;0
-376660;0
-2045730;0
-175460;0
-400141;0
-2048333;0
-1480712;0
-1355128;0
-2062976;0
-2166959;0
-2078658;0
-1360168;0
-1240439;0
-367409;0
-416122;0
-1973970;0
-2528970;0
-1460897;0
-1389112;0
-2045695;0
-2171608;0
-1751030;0
-2007453;0
-1346587;0
-1345316;0
-103181;0
-1699054;0
-2528968;0
-1448394;0
-1388948;0
-64048;0
-399657;0
-2055175;0
-1480715;0
-2045673;0
-1699060;0
-2062975;0
-2051348;0
-338614;0
-2044211;0
-1387467;0
-415853;0
-414665;0
-541246;0
-407934;0
-395647;0
-86552;0
-1947008;0
-934679;0
-1346245;0
-1749334;0
-414659;0
-375627;0
-62867;0
-2018864;0
-2067195;0
-2072732;0
-2045675;0
-1770069;0
-2002877;0
-443609;0
-1339241;0
-1963928;0
-1974728;0
-408082;0
-253119;0
-1990006;0
-2022890;0
-1328761;0
-2051319;0
-79202;0
-1502673;0
-410899;0
-1417527;0
-2064019;0
-1994003;0
-395649;0
-404263;0
-253114;0
-415188;0
-72232;0
-1503042;0
-2348673;0
-2004277;0
-2438206;0
-377829;0
-2020078;0
-1473827;0
-2051354;0
-1984708;0
-1505883;0
-1992586;0
-2051357;0
-1981864;0
-1999555;0
-2046206;0
-2062320;0
-2016333;0
-377385;0
-1972835;0
-375260;0
-2022889;0
-2025171;0
-1994279;0
-1457593;0
-1972839;0
-380221;0
-414709;0
-2004280;0
-1324054;0
-1391444;0
-1971752;0
-2020672;0
-2079319;0
-2024882;0
-942393;0
-1992557;0
-1429234;0
-420532;0
-1480710;0
-2024848;0
-2004192;0
-2034433;0
-89713;0
-2010126;0
-1998099;0
-64385;0
-1802609;0
-1944379;0
-410614;0
-1388949;0
-538987;0
-1971750;0
-1295810;0
-2080244;0
-253198;0
-1966729;0
-2044831;0
-2336481;0
-1992357;0
-379457;0
-416415;0
-1315136;0
-2078671;0
-1458724;0
-1306736;0
-1999554;0
-2167575;0
-415857;0
-2050029;0
-411022;0
blue;0
-1400261;0
-2052125;0
-2055186;0
-1492052;0
-1388717;0
-375629;0
-2067196;0
-2099126;0
-2078602;0
-1505885;0
-2045696;0
-77786;0
-1989762;0
-2077767;0
-2066510;0
-378780;0
-1995088;0
-398906;0
-2045711;0
-1860518;0
-1699116;0
-2045672;0
-81431;0
-2036539;0
-534706;0
-2036414;0
-378710;0
-2054290;0
-384023;0
-2078265;0
-1505929;0
-2054252;0
-1479624;0
-2002572;0
-395652;0
-57314;0
-1947071;0
-1702796;0
-1994062;0
-2051352;0
-407932;0
-2021659;0
-2045812;0
-379427;0
-2077765;0
-2004713;0
-1567979;0
-1365265;0
-2020235;0
-2000801;0
-2055177;0
-1964787;0
-2018695;0
-1990008;0
-390561;0
-2052846;0
-1024139;0
-254437;0
-1064903;0
-2002350;0
-2051355;0
-391273;0
-377771;0
-2069643;0
-412798;0
-253118;0
-2052487;0
-2026158;0
-2052131;0
-2045802;0
-1987286;0
-1533437;0
-1476315;0
-58044;0
-75035;0
-1926261;0
-385500;0
-1389114;0
-2002890;0
-253193;0
-1978237;0
-1417514;0
-1992582;0
-377553;0
-2079312;0
-2000800;0
-408996;0
-395651;0
-2000806;0
-375258;0
-2044832;0
-62875;0
-1945372;0
-1388953;0
-2000802;0
-1252185;0
-1963925;0
-1989761;0
-2004711;0
-408083;0
-60591;0
-2078263;0
-2054219;0
-1932961;0
-1262765;0
-1770072;0
-1467730;0
-1995973;0
-1392954;0
-1435404;0
-1836559;0
-911952;0
-1994002;0
-1992356;0
-2557257;0
-1468061;0
-1995086;0
-1388102;0
-378709;0
-1492373;0
-2025172;0
-1490772;0
-2049309;0
-1992367;0
-953342;0
-384041;0
-1108842;0
-75034;0
-1444174;0
-1389111;0
-2045740;0
-399897;0
-1991817;0
-1945606;0
-1964786;0
-1947006;0
-1352544;0
-20968;0
-2018866;0
-422835;0
-2337432;0
-399649;0
-2029610;0
-2077491;0
-2046207;0
-1992365;0
-2337495;0
-1702687;0
-1999579;0
-1655883;0
-1297977;0
-174743;0
-2048531;0
-1999553;0
-1355120;0
-75405;0
-2308211;0
-2034601;0
-1991256;0
-2052749;0
-400132;0
-2055582;0
-2002866;0
-1389118;0
-2084602;0
-2166958;0
-1937195;0
-1860679;0
-2051377;0
-2167052;0
-405953;0
-1403521;0
-1306737;0
-915261;0
-1960152;0
-1972833;0
-1994243;0
-1392522;0
-1302892;0
-375628;0
-2069820;0
-1322145;0
-1979153;0
-2066597;0
-1401877;0
-1388100;0
-393292;0
-1997307;0
-1297917;0
-383247;0
-385840;0
-2064984;0
-1435556;0
-375259;0
-1994260;0
-453463;0
-1400260;0
-1992362;0
-1388610;0
-63960;0
-2098943;0
-2054396;0
-65801;0
-1573136;0
-1448395;0
-2361549;0
-415222;0
-1945607;0
-1770067;0
-1996032;0
-174740;0
-2079310;0
-1430845;0
-1280606;0
-1702843;0
-411157;0
-1937011;0
-2002573;0
-2044829;0
-2034554;0
-1331919;0
-1856756;0
-60489;0
-1222774;0
-1945375;0
-60798;0
-1479623;0
-408225;0
-1261686;0
-2048390;0
-1989255;0
-404244;0
-407354;0
-1525272;0
-2054251;0
-1631836;0
-1503043;0
-2006291;0
-361141;0
-378783;0
-2045732;0
-1953549;0
-1460906;0
-376661;0
-538973;0
-63221;0
-2438204;0
-2018863;0
-1354166;0
-2046697;0
-1945368;0
-1470190;0
-1429235;0
-2045739;0
-1782386;0
-1947073;0
-1480716;0
-75394;0
-2024833;0
-1991263;0
-1332290;0
-9468;0
-1138391;0
-1798797;0
-1388952;0
-1339237;0
-1972841;0
-62298;0
-1573137;0
-2004168;0
-1455133;0
-1994163;0
-1322248;0
-1708059;0
-253197;0
-1142528;0
-2045886;0
-1473824;0
-387788;0
-1937013;0
-1992444;0
-2407982;0
-253194;0
-1480717;0
-415180;0
-2045678;0
-2048797;0
-2010129;0
-2045736;0
-1323978;0
-2078666;0
-1945367;0
-1503041;0
-1999485;0
-1482607;0
-2051531;0
-1315122;0
-2007648;0
-1327539;0
-414664;0
-395638;0
-1360973;0
-1359033;0
-1856826;0
-2044830;0
-1984698;0
-1138390;0
-2077650;0
-387035;0
-2045689;0
-2006288;0
-2045687;0
-361140;0
-1944388;0
-408226;0
-1990034;0
-2004710;0
-414660;0
-2007689;0
-73539;0
-1935540;0
-1360169;0
-2010127;0
-1984560;0
-1423759;0
-1492054;0
-1947072;0
-1876497;0
-450718;0
-1992366;0
-2351020;0
-2034555;0
-2002477;0
-1160728;0
-174717;0
-1937012;0
-1990036;0
-1963930;0
-1963699;0
-1945371;0
-1770068;0
-64028;0
-1453343;0
-2030043;0
-253121;0
-1937009;0
-1387468;0
-1944387;0
-1138397;0
-1388099;0
-2044648;0
-1492285;0
-1354167;0
-1386013;0
-2004271;0
-1995509;0
-2051358;0
-1702797;0
-2336476;0
-1364348;0
-2069646;0
-1505548;0
-1702681;0
-377773;0
-338615;0
-1305935;0
-20444;0
-2077764;0
-1446287;0
-30328;0
-1999834;0
-1994059;0
-1992354;0

